./tb.txt
num devices: 2
num threads: 10
TBSize: 512
Device 0 Thread 0
1 0 2 1 3 2 4 3 5 4 6 5 7 6 8 7 9 8 10 9 1 10 2 11 3 12 4 13 5 14 6 15 7 16 8 17 9 18 10 19 1 20 2 21 3 22 4 23 5 24 6 25 7 26 8 27 9 28 10 29 1 30 2 31 3 32 4 33 5 34 6 35 7 36 8 37 9 38 10 39 1 40 2 41 3 42 4 43 5 44 6 45 7 46 8 47 9 48 10 49 0 612 2 51 3 52 4 53 5 54 6 55 7 56 8 57 9 58 10 59 1 60 2 61 3 62 4 63 5 64 6 65 7 66 8 67 9 68 10 69 1 70 2 71 3 72 4 73 5 74 6 75 7 76 8 77 9 78 10 79 1 80 2 81 3 82 4 83 5 84 6 85 7 86 8 87 9 88 10 89 1 90 2 91 3 92 4 93 5 94 6 95 7 96 8 97 9 98 10 99 1 100 2 101 3 102 4 103 5 104 6 105 7 106 8 107 9 108 10 109 1 110 2 111 3 112 4 113 5 114 6 115 7 116 8 117 9 118 10 119 1 120 2 121 3 122 4 123 5 124 6 125 7 126 8 127 9 128 10 129 1 130 2 131 3 132 4 133 5 134 6 135 7 136 8 137 9 138 10 139 1 140 2 141 3 142 4 143 5 144 6 145 7 146 8 147 9 148 10 149 1 150 2 151 3 152 4 153 5 154 6 155 7 156 8 157 9 158 10 159 1 160 2 161 3 162 4 163 5 164 6 165 7 166 8 167 9 168 10 169 1 170 2 171 3 172 4 173 5 174 6 175 7 176 8 177 9 178 10 179 1 180 2 181 3 182 4 183 5 184 6 185 7 186 8 187 9 188 10 189 1 190 2 191 3 192 4 193 5 194 6 195 7 196 8 197 9 198 10 199 1 200 2 201 3 202 4 203 5 204 6 205 7 206 8 207 9 208 10 209 1 210 2 211 3 212 4 213 5 214 6 215 7 216 8 217 9 218 10 219 1 220 2 221 3 222 4 223 5 224 6 225 7 226 8 227 9 228 10 229 1 230 2 231 3 232 4 233 5 234 6 235 7 236 8 237 9 238 10 239 1 240 2 241 3 242 4 243 5 244 6 245 7 246 8 247 9 248 10 249 1 250 2 251 3 252 4 253 5 254 6 255 
Device 0 Thread 1
1 1 2 2 3 3 4 4 5 5 6 6 7 7 8 8 9 9 10 10 1 11 2 12 3 13 4 14 5 15 6 16 7 17 8 18 9 19 10 20 1 21 2 22 3 23 4 24 5 25 6 26 7 27 8 28 9 29 10 30 1 31 2 32 3 33 4 34 5 35 6 36 7 37 8 38 9 39 10 40 1 41 2 42 3 43 4 44 5 45 6 46 7 47 8 48 9 49 10 50 0 100 2 52 3 53 4 54 5 55 6 56 7 57 8 58 9 59 10 60 1 61 2 62 3 63 4 64 5 65 6 66 7 67 8 68 9 69 10 70 1 71 2 72 3 73 4 74 5 75 6 76 7 77 8 78 9 79 10 80 1 81 2 82 3 83 4 84 5 85 6 86 7 87 8 88 9 89 10 90 1 91 2 92 3 93 4 94 5 95 6 96 7 97 8 98 9 99 10 100 1 101 2 102 3 103 4 104 5 105 6 106 7 107 8 108 9 109 10 110 1 111 2 112 3 113 4 114 5 115 6 116 7 117 8 118 9 119 10 120 1 121 2 122 3 123 4 124 5 125 6 126 7 127 8 128 9 129 10 130 1 131 2 132 3 133 4 134 5 135 6 136 7 137 8 138 9 139 10 140 1 141 2 142 3 143 4 144 5 145 6 146 7 147 8 148 9 149 10 150 1 151 2 152 3 153 4 154 5 155 6 156 7 157 8 158 9 159 10 160 1 161 2 162 3 163 4 164 5 165 6 166 7 167 8 168 9 169 10 170 1 171 2 172 3 173 4 174 5 175 6 176 7 177 8 178 9 179 10 180 1 181 2 182 3 183 4 184 5 185 6 186 7 187 8 188 9 189 10 190 1 191 2 192 3 193 4 194 5 195 6 196 7 197 8 198 9 199 10 200 1 201 2 202 3 203 4 204 5 205 6 206 7 207 8 208 9 209 10 210 1 211 2 212 3 213 4 214 5 215 6 216 7 217 8 218 9 219 10 220 1 221 2 222 3 223 4 224 5 225 6 226 7 227 8 228 9 229 10 230 1 231 2 232 3 233 4 234 5 235 6 236 7 237 8 238 9 239 10 240 1 241 2 242 3 243 4 244 5 245 6 246 7 247 8 248 9 249 10 250 1 251 2 252 3 253 4 254 5 255 6 256 
Device 0 Thread 2
1 2 2 3 3 4 4 5 5 6 6 7 7 8 8 9 9 10 10 11 1 12 2 13 3 14 4 15 5 16 6 17 7 18 8 19 9 20 10 21 1 22 2 23 3 24 4 25 5 26 6 27 7 28 8 29 9 30 10 31 1 32 2 33 3 34 4 35 5 36 6 37 7 38 8 39 9 40 10 41 1 42 2 43 3 44 4 45 5 46 6 47 7 48 8 49 9 50 10 51 0 612 2 53 3 54 4 55 5 56 6 57 7 58 8 59 9 60 10 61 1 62 2 63 3 64 4 65 5 66 6 67 7 68 8 69 9 70 10 71 1 72 2 73 3 74 4 75 5 76 6 77 7 78 8 79 9 80 10 81 1 82 2 83 3 84 4 85 5 86 6 87 7 88 8 89 9 90 10 91 1 92 2 93 3 94 4 95 5 96 6 97 7 98 8 99 9 100 10 101 1 102 2 103 3 104 4 105 5 106 6 107 7 108 8 109 9 110 10 111 1 112 2 113 3 114 4 115 5 116 6 117 7 118 8 119 9 120 10 121 1 122 2 123 3 124 4 125 5 126 6 127 7 128 8 129 9 130 10 131 1 132 2 133 3 134 4 135 5 136 6 137 7 138 8 139 9 140 10 141 1 142 2 143 3 144 4 145 5 146 6 147 7 148 8 149 9 150 10 151 1 152 2 153 3 154 4 155 5 156 6 157 7 158 8 159 9 160 10 161 1 162 2 163 3 164 4 165 5 166 6 167 7 168 8 169 9 170 10 171 1 172 2 173 3 174 4 175 5 176 6 177 7 178 8 179 9 180 10 181 1 182 2 183 3 184 4 185 5 186 6 187 7 188 8 189 9 190 10 191 1 192 2 193 3 194 4 195 5 196 6 197 7 198 8 199 9 200 10 201 1 202 2 203 3 204 4 205 5 206 6 207 7 208 8 209 9 210 10 211 1 212 2 213 3 214 4 215 5 216 6 217 7 218 8 219 9 220 10 221 1 222 2 223 3 224 4 225 5 226 6 227 7 228 8 229 9 230 10 231 1 232 2 233 3 234 4 235 5 236 6 237 7 238 8 239 9 240 10 241 1 242 2 243 3 244 4 245 5 246 6 247 7 248 8 249 9 250 10 251 1 252 2 253 3 254 4 255 5 256 6 257 
Device 0 Thread 3
1 3 2 4 3 5 4 6 5 7 6 8 7 9 8 10 9 11 10 12 1 13 2 14 3 15 4 16 5 17 6 18 7 19 8 20 9 21 10 22 1 23 2 24 3 25 4 26 5 27 6 28 7 29 8 30 9 31 10 32 1 33 2 34 3 35 4 36 5 37 6 38 7 39 8 40 9 41 10 42 1 43 2 44 3 45 4 46 5 47 6 48 7 49 8 50 9 51 10 52 0 100 2 54 3 55 4 56 5 57 6 58 7 59 8 60 9 61 10 62 1 63 2 64 3 65 4 66 5 67 6 68 7 69 8 70 9 71 10 72 1 73 2 74 3 75 4 76 5 77 6 78 7 79 8 80 9 81 10 82 1 83 2 84 3 85 4 86 5 87 6 88 7 89 8 90 9 91 10 92 1 93 2 94 3 95 4 96 5 97 6 98 7 99 8 100 9 101 10 102 1 103 2 104 3 105 4 106 5 107 6 108 7 109 8 110 9 111 10 112 1 113 2 114 3 115 4 116 5 117 6 118 7 119 8 120 9 121 10 122 1 123 2 124 3 125 4 126 5 127 6 128 7 129 8 130 9 131 10 132 1 133 2 134 3 135 4 136 5 137 6 138 7 139 8 140 9 141 10 142 1 143 2 144 3 145 4 146 5 147 6 148 7 149 8 150 9 151 10 152 1 153 2 154 3 155 4 156 5 157 6 158 7 159 8 160 9 161 10 162 1 163 2 164 3 165 4 166 5 167 6 168 7 169 8 170 9 171 10 172 1 173 2 174 3 175 4 176 5 177 6 178 7 179 8 180 9 181 10 182 1 183 2 184 3 185 4 186 5 187 6 188 7 189 8 190 9 191 10 192 1 193 2 194 3 195 4 196 5 197 6 198 7 199 8 200 9 201 10 202 1 203 2 204 3 205 4 206 5 207 6 208 7 209 8 210 9 211 10 212 1 213 2 214 3 215 4 216 5 217 6 218 7 219 8 220 9 221 10 222 1 223 2 224 3 225 4 226 5 227 6 228 7 229 8 230 9 231 10 232 1 233 2 234 3 235 4 236 5 237 6 238 7 239 8 240 9 241 10 242 1 243 2 244 3 245 4 246 5 247 6 248 7 249 8 250 9 251 10 252 1 253 2 254 3 255 4 256 5 257 6 258 
Device 0 Thread 4
1 4 2 5 3 6 4 7 5 8 6 9 7 10 8 11 9 12 10 13 1 14 2 15 3 16 4 17 5 18 6 19 7 20 8 21 9 22 10 23 1 24 2 25 3 26 4 27 5 28 6 29 7 30 8 31 9 32 10 33 1 34 2 35 3 36 4 37 5 38 6 39 7 40 8 41 9 42 10 43 1 44 2 45 3 46 4 47 5 48 6 49 7 50 8 51 9 52 10 53 0 612 2 55 3 56 4 57 5 58 6 59 7 60 8 61 9 62 10 63 1 64 2 65 3 66 4 67 5 68 6 69 7 70 8 71 9 72 10 73 1 74 2 75 3 76 4 77 5 78 6 79 7 80 8 81 9 82 10 83 1 84 2 85 3 86 4 87 5 88 6 89 7 90 8 91 9 92 10 93 1 94 2 95 3 96 4 97 5 98 6 99 7 100 8 101 9 102 10 103 1 104 2 105 3 106 4 107 5 108 6 109 7 110 8 111 9 112 10 113 1 114 2 115 3 116 4 117 5 118 6 119 7 120 8 121 9 122 10 123 1 124 2 125 3 126 4 127 5 128 6 129 7 130 8 131 9 132 10 133 1 134 2 135 3 136 4 137 5 138 6 139 7 140 8 141 9 142 10 143 1 144 2 145 3 146 4 147 5 148 6 149 7 150 8 151 9 152 10 153 1 154 2 155 3 156 4 157 5 158 6 159 7 160 8 161 9 162 10 163 1 164 2 165 3 166 4 167 5 168 6 169 7 170 8 171 9 172 10 173 1 174 2 175 3 176 4 177 5 178 6 179 7 180 8 181 9 182 10 183 1 184 2 185 3 186 4 187 5 188 6 189 7 190 8 191 9 192 10 193 1 194 2 195 3 196 4 197 5 198 6 199 7 200 8 201 9 202 10 203 1 204 2 205 3 206 4 207 5 208 6 209 7 210 8 211 9 212 10 213 1 214 2 215 3 216 4 217 5 218 6 219 7 220 8 221 9 222 10 223 1 224 2 225 3 226 4 227 5 228 6 229 7 230 8 231 9 232 10 233 1 234 2 235 3 236 4 237 5 238 6 239 7 240 8 241 9 242 10 243 1 244 2 245 3 246 4 247 5 248 6 249 7 250 8 251 9 252 10 253 1 254 2 255 3 256 4 257 5 258 6 259 
Device 0 Thread 5
1 5 2 6 3 7 4 8 5 9 6 10 7 11 8 12 9 13 10 14 1 15 2 16 3 17 4 18 5 19 6 20 7 21 8 22 9 23 10 24 1 25 2 26 3 27 4 28 5 29 6 30 7 31 8 32 9 33 10 34 1 35 2 36 3 37 4 38 5 39 6 40 7 41 8 42 9 43 10 44 1 45 2 46 3 47 4 48 5 49 6 50 7 51 8 52 9 53 10 54 0 100 2 56 3 57 4 58 5 59 6 60 7 61 8 62 9 63 10 64 1 65 2 66 3 67 4 68 5 69 6 70 7 71 8 72 9 73 10 74 1 75 2 76 3 77 4 78 5 79 6 80 7 81 8 82 9 83 10 84 1 85 2 86 3 87 4 88 5 89 6 90 7 91 8 92 9 93 10 94 1 95 2 96 3 97 4 98 5 99 6 100 7 101 8 102 9 103 10 104 1 105 2 106 3 107 4 108 5 109 6 110 7 111 8 112 9 113 10 114 1 115 2 116 3 117 4 118 5 119 6 120 7 121 8 122 9 123 10 124 1 125 2 126 3 127 4 128 5 129 6 130 7 131 8 132 9 133 10 134 1 135 2 136 3 137 4 138 5 139 6 140 7 141 8 142 9 143 10 144 1 145 2 146 3 147 4 148 5 149 6 150 7 151 8 152 9 153 10 154 1 155 2 156 3 157 4 158 5 159 6 160 7 161 8 162 9 163 10 164 1 165 2 166 3 167 4 168 5 169 6 170 7 171 8 172 9 173 10 174 1 175 2 176 3 177 4 178 5 179 6 180 7 181 8 182 9 183 10 184 1 185 2 186 3 187 4 188 5 189 6 190 7 191 8 192 9 193 10 194 1 195 2 196 3 197 4 198 5 199 6 200 7 201 8 202 9 203 10 204 1 205 2 206 3 207 4 208 5 209 6 210 7 211 8 212 9 213 10 214 1 215 2 216 3 217 4 218 5 219 6 220 7 221 8 222 9 223 10 224 1 225 2 226 3 227 4 228 5 229 6 230 7 231 8 232 9 233 10 234 1 235 2 236 3 237 4 238 5 239 6 240 7 241 8 242 9 243 10 244 1 245 2 246 3 247 4 248 5 249 6 250 7 251 8 252 9 253 10 254 1 255 2 256 3 257 4 258 5 259 6 260 
Device 0 Thread 6
1 6 2 7 3 8 4 9 5 10 6 11 7 12 8 13 9 14 10 15 1 16 2 17 3 18 4 19 5 20 6 21 7 22 8 23 9 24 10 25 1 26 2 27 3 28 4 29 5 30 6 31 7 32 8 33 9 34 10 35 1 36 2 37 3 38 4 39 5 40 6 41 7 42 8 43 9 44 10 45 1 46 2 47 3 48 4 49 5 50 6 51 7 52 8 53 9 54 10 55 0 612 2 57 3 58 4 59 5 60 6 61 7 62 8 63 9 64 10 65 1 66 2 67 3 68 4 69 5 70 6 71 7 72 8 73 9 74 10 75 1 76 2 77 3 78 4 79 5 80 6 81 7 82 8 83 9 84 10 85 1 86 2 87 3 88 4 89 5 90 6 91 7 92 8 93 9 94 10 95 1 96 2 97 3 98 4 99 5 100 6 101 7 102 8 103 9 104 10 105 1 106 2 107 3 108 4 109 5 110 6 111 7 112 8 113 9 114 10 115 1 116 2 117 3 118 4 119 5 120 6 121 7 122 8 123 9 124 10 125 1 126 2 127 3 128 4 129 5 130 6 131 7 132 8 133 9 134 10 135 1 136 2 137 3 138 4 139 5 140 6 141 7 142 8 143 9 144 10 145 1 146 2 147 3 148 4 149 5 150 6 151 7 152 8 153 9 154 10 155 1 156 2 157 3 158 4 159 5 160 6 161 7 162 8 163 9 164 10 165 1 166 2 167 3 168 4 169 5 170 6 171 7 172 8 173 9 174 10 175 1 176 2 177 3 178 4 179 5 180 6 181 7 182 8 183 9 184 10 185 1 186 2 187 3 188 4 189 5 190 6 191 7 192 8 193 9 194 10 195 1 196 2 197 3 198 4 199 5 200 6 201 7 202 8 203 9 204 10 205 1 206 2 207 3 208 4 209 5 210 6 211 7 212 8 213 9 214 10 215 1 216 2 217 3 218 4 219 5 220 6 221 7 222 8 223 9 224 10 225 1 226 2 227 3 228 4 229 5 230 6 231 7 232 8 233 9 234 10 235 1 236 2 237 3 238 4 239 5 240 6 241 7 242 8 243 9 244 10 245 1 246 2 247 3 248 4 249 5 250 6 251 7 252 8 253 9 254 10 255 1 256 2 257 3 258 4 259 5 260 6 261 
Device 0 Thread 7
1 7 2 8 3 9 4 10 5 11 6 12 7 13 8 14 9 15 10 16 1 17 2 18 3 19 4 20 5 21 6 22 7 23 8 24 9 25 10 26 1 27 2 28 3 29 4 30 5 31 6 32 7 33 8 34 9 35 10 36 1 37 2 38 3 39 4 40 5 41 6 42 7 43 8 44 9 45 10 46 1 47 2 48 3 49 4 50 5 51 6 52 7 53 8 54 9 55 10 56 0 100 2 58 3 59 4 60 5 61 6 62 7 63 8 64 9 65 10 66 1 67 2 68 3 69 4 70 5 71 6 72 7 73 8 74 9 75 10 76 1 77 2 78 3 79 4 80 5 81 6 82 7 83 8 84 9 85 10 86 1 87 2 88 3 89 4 90 5 91 6 92 7 93 8 94 9 95 10 96 1 97 2 98 3 99 4 100 5 101 6 102 7 103 8 104 9 105 10 106 1 107 2 108 3 109 4 110 5 111 6 112 7 113 8 114 9 115 10 116 1 117 2 118 3 119 4 120 5 121 6 122 7 123 8 124 9 125 10 126 1 127 2 128 3 129 4 130 5 131 6 132 7 133 8 134 9 135 10 136 1 137 2 138 3 139 4 140 5 141 6 142 7 143 8 144 9 145 10 146 1 147 2 148 3 149 4 150 5 151 6 152 7 153 8 154 9 155 10 156 1 157 2 158 3 159 4 160 5 161 6 162 7 163 8 164 9 165 10 166 1 167 2 168 3 169 4 170 5 171 6 172 7 173 8 174 9 175 10 176 1 177 2 178 3 179 4 180 5 181 6 182 7 183 8 184 9 185 10 186 1 187 2 188 3 189 4 190 5 191 6 192 7 193 8 194 9 195 10 196 1 197 2 198 3 199 4 200 5 201 6 202 7 203 8 204 9 205 10 206 1 207 2 208 3 209 4 210 5 211 6 212 7 213 8 214 9 215 10 216 1 217 2 218 3 219 4 220 5 221 6 222 7 223 8 224 9 225 10 226 1 227 2 228 3 229 4 230 5 231 6 232 7 233 8 234 9 235 10 236 1 237 2 238 3 239 4 240 5 241 6 242 7 243 8 244 9 245 10 246 1 247 2 248 3 249 4 250 5 251 6 252 7 253 8 254 9 255 10 256 1 257 2 258 3 259 4 260 5 261 6 262 
Device 0 Thread 8
1 8 2 9 3 10 4 11 5 12 6 13 7 14 8 15 9 16 10 17 1 18 2 19 3 20 4 21 5 22 6 23 7 24 8 25 9 26 10 27 1 28 2 29 3 30 4 31 5 32 6 33 7 34 8 35 9 36 10 37 1 38 2 39 3 40 4 41 5 42 6 43 7 44 8 45 9 46 10 47 1 48 2 49 3 50 4 51 5 52 6 53 7 54 8 55 9 56 10 57 0 612 2 59 3 60 4 61 5 62 6 63 7 64 8 65 9 66 10 67 1 68 2 69 3 70 4 71 5 72 6 73 7 74 8 75 9 76 10 77 1 78 2 79 3 80 4 81 5 82 6 83 7 84 8 85 9 86 10 87 1 88 2 89 3 90 4 91 5 92 6 93 7 94 8 95 9 96 10 97 1 98 2 99 3 100 4 101 5 102 6 103 7 104 8 105 9 106 10 107 1 108 2 109 3 110 4 111 5 112 6 113 7 114 8 115 9 116 10 117 1 118 2 119 3 120 4 121 5 122 6 123 7 124 8 125 9 126 10 127 1 128 2 129 3 130 4 131 5 132 6 133 7 134 8 135 9 136 10 137 1 138 2 139 3 140 4 141 5 142 6 143 7 144 8 145 9 146 10 147 1 148 2 149 3 150 4 151 5 152 6 153 7 154 8 155 9 156 10 157 1 158 2 159 3 160 4 161 5 162 6 163 7 164 8 165 9 166 10 167 1 168 2 169 3 170 4 171 5 172 6 173 7 174 8 175 9 176 10 177 1 178 2 179 3 180 4 181 5 182 6 183 7 184 8 185 9 186 10 187 1 188 2 189 3 190 4 191 5 192 6 193 7 194 8 195 9 196 10 197 1 198 2 199 3 200 4 201 5 202 6 203 7 204 8 205 9 206 10 207 1 208 2 209 3 210 4 211 5 212 6 213 7 214 8 215 9 216 10 217 1 218 2 219 3 220 4 221 5 222 6 223 7 224 8 225 9 226 10 227 1 228 2 229 3 230 4 231 5 232 6 233 7 234 8 235 9 236 10 237 1 238 2 239 3 240 4 241 5 242 6 243 7 244 8 245 9 246 10 247 1 248 2 249 3 250 4 251 5 252 6 253 7 254 8 255 9 256 10 257 1 258 2 259 3 260 4 261 5 262 6 263 
Device 0 Thread 9
1 9 2 10 3 11 4 12 5 13 6 14 7 15 8 16 9 17 10 18 1 19 2 20 3 21 4 22 5 23 6 24 7 25 8 26 9 27 10 28 1 29 2 30 3 31 4 32 5 33 6 34 7 35 8 36 9 37 10 38 1 39 2 40 3 41 4 42 5 43 6 44 7 45 8 46 9 47 10 48 1 49 2 50 3 51 4 52 5 53 6 54 7 55 8 56 9 57 10 58 0 100 2 60 3 61 4 62 5 63 6 64 7 65 8 66 9 67 10 68 1 69 2 70 3 71 4 72 5 73 6 74 7 75 8 76 9 77 10 78 1 79 2 80 3 81 4 82 5 83 6 84 7 85 8 86 9 87 10 88 1 89 2 90 3 91 4 92 5 93 6 94 7 95 8 96 9 97 10 98 1 99 2 100 3 101 4 102 5 103 6 104 7 105 8 106 9 107 10 108 1 109 2 110 3 111 4 112 5 113 6 114 7 115 8 116 9 117 10 118 1 119 2 120 3 121 4 122 5 123 6 124 7 125 8 126 9 127 10 128 1 129 2 130 3 131 4 132 5 133 6 134 7 135 8 136 9 137 10 138 1 139 2 140 3 141 4 142 5 143 6 144 7 145 8 146 9 147 10 148 1 149 2 150 3 151 4 152 5 153 6 154 7 155 8 156 9 157 10 158 1 159 2 160 3 161 4 162 5 163 6 164 7 165 8 166 9 167 10 168 1 169 2 170 3 171 4 172 5 173 6 174 7 175 8 176 9 177 10 178 1 179 2 180 3 181 4 182 5 183 6 184 7 185 8 186 9 187 10 188 1 189 2 190 3 191 4 192 5 193 6 194 7 195 8 196 9 197 10 198 1 199 2 200 3 201 4 202 5 203 6 204 7 205 8 206 9 207 10 208 1 209 2 210 3 211 4 212 5 213 6 214 7 215 8 216 9 217 10 218 1 219 2 220 3 221 4 222 5 223 6 224 7 225 8 226 9 227 10 228 1 229 2 230 3 231 4 232 5 233 6 234 7 235 8 236 9 237 10 238 1 239 2 240 3 241 4 242 5 243 6 244 7 245 8 246 9 247 10 248 1 249 2 250 3 251 4 252 5 253 6 254 7 255 8 256 9 257 10 258 1 259 2 260 3 261 4 262 5 263 6 264 
Device 1 Thread 0
1 1 2 2 3 3 4 4 5 5 6 6 7 7 8 8 9 9 10 10 1 11 2 12 3 13 4 14 5 15 6 16 7 17 8 18 9 19 10 20 1 21 2 22 3 23 4 24 5 25 6 26 7 27 8 28 9 29 10 30 1 31 2 32 3 33 4 34 5 35 6 36 7 37 8 38 9 39 10 40 1 41 2 42 3 43 4 44 5 45 6 46 7 47 8 48 9 49 10 50 0 612 2 52 3 53 4 54 5 55 6 56 7 57 8 58 9 59 10 60 1 61 2 62 3 63 4 64 5 65 6 66 7 67 8 68 9 69 10 70 1 71 2 72 3 73 4 74 5 75 6 76 7 77 8 78 9 79 10 80 1 81 2 82 3 83 4 84 5 85 6 86 7 87 8 88 9 89 10 90 1 91 2 92 3 93 4 94 5 95 6 96 7 97 8 98 9 99 10 100 1 101 2 102 3 103 4 104 5 105 6 106 7 107 8 108 9 109 10 110 1 111 2 112 3 113 4 114 5 115 6 116 7 117 8 118 9 119 10 120 1 121 2 122 3 123 4 124 5 125 6 126 7 127 8 128 9 129 10 130 1 131 2 132 3 133 4 134 5 135 6 136 7 137 8 138 9 139 10 140 1 141 2 142 3 143 4 144 5 145 6 146 7 147 8 148 9 149 10 150 1 151 2 152 3 153 4 154 5 155 6 156 7 157 8 158 9 159 10 160 1 161 2 162 3 163 4 164 5 165 6 166 7 167 8 168 9 169 10 170 1 171 2 172 3 173 4 174 5 175 6 176 7 177 8 178 9 179 10 180 1 181 2 182 3 183 4 184 5 185 6 186 7 187 8 188 9 189 10 190 1 191 2 192 3 193 4 194 5 195 6 196 7 197 8 198 9 199 10 200 1 201 2 202 3 203 4 204 5 205 6 206 7 207 8 208 9 209 10 210 1 211 2 212 3 213 4 214 5 215 6 216 7 217 8 218 9 219 10 220 1 221 2 222 3 223 4 224 5 225 6 226 7 227 8 228 9 229 10 230 1 231 2 232 3 233 4 234 5 235 6 236 7 237 8 238 9 239 10 240 1 241 2 242 3 243 4 244 5 245 6 246 7 247 8 248 9 249 10 250 1 251 2 252 3 253 4 254 5 255 6 256 
Device 1 Thread 1
1 2 2 3 3 4 4 5 5 6 6 7 7 8 8 9 9 10 10 11 1 12 2 13 3 14 4 15 5 16 6 17 7 18 8 19 9 20 10 21 1 22 2 23 3 24 4 25 5 26 6 27 7 28 8 29 9 30 10 31 1 32 2 33 3 34 4 35 5 36 6 37 7 38 8 39 9 40 10 41 1 42 2 43 3 44 4 45 5 46 6 47 7 48 8 49 9 50 10 51 0 100 2 53 3 54 4 55 5 56 6 57 7 58 8 59 9 60 10 61 1 62 2 63 3 64 4 65 5 66 6 67 7 68 8 69 9 70 10 71 1 72 2 73 3 74 4 75 5 76 6 77 7 78 8 79 9 80 10 81 1 82 2 83 3 84 4 85 5 86 6 87 7 88 8 89 9 90 10 91 1 92 2 93 3 94 4 95 5 96 6 97 7 98 8 99 9 100 10 101 1 102 2 103 3 104 4 105 5 106 6 107 7 108 8 109 9 110 10 111 1 112 2 113 3 114 4 115 5 116 6 117 7 118 8 119 9 120 10 121 1 122 2 123 3 124 4 125 5 126 6 127 7 128 8 129 9 130 10 131 1 132 2 133 3 134 4 135 5 136 6 137 7 138 8 139 9 140 10 141 1 142 2 143 3 144 4 145 5 146 6 147 7 148 8 149 9 150 10 151 1 152 2 153 3 154 4 155 5 156 6 157 7 158 8 159 9 160 10 161 1 162 2 163 3 164 4 165 5 166 6 167 7 168 8 169 9 170 10 171 1 172 2 173 3 174 4 175 5 176 6 177 7 178 8 179 9 180 10 181 1 182 2 183 3 184 4 185 5 186 6 187 7 188 8 189 9 190 10 191 1 192 2 193 3 194 4 195 5 196 6 197 7 198 8 199 9 200 10 201 1 202 2 203 3 204 4 205 5 206 6 207 7 208 8 209 9 210 10 211 1 212 2 213 3 214 4 215 5 216 6 217 7 218 8 219 9 220 10 221 1 222 2 223 3 224 4 225 5 226 6 227 7 228 8 229 9 230 10 231 1 232 2 233 3 234 4 235 5 236 6 237 7 238 8 239 9 240 10 241 1 242 2 243 3 244 4 245 5 246 6 247 7 248 8 249 9 250 10 251 1 252 2 253 3 254 4 255 5 256 6 257 
Device 1 Thread 2
1 3 2 4 3 5 4 6 5 7 6 8 7 9 8 10 9 11 10 12 1 13 2 14 3 15 4 16 5 17 6 18 7 19 8 20 9 21 10 22 1 23 2 24 3 25 4 26 5 27 6 28 7 29 8 30 9 31 10 32 1 33 2 34 3 35 4 36 5 37 6 38 7 39 8 40 9 41 10 42 1 43 2 44 3 45 4 46 5 47 6 48 7 49 8 50 9 51 10 52 0 612 2 54 3 55 4 56 5 57 6 58 7 59 8 60 9 61 10 62 1 63 2 64 3 65 4 66 5 67 6 68 7 69 8 70 9 71 10 72 1 73 2 74 3 75 4 76 5 77 6 78 7 79 8 80 9 81 10 82 1 83 2 84 3 85 4 86 5 87 6 88 7 89 8 90 9 91 10 92 1 93 2 94 3 95 4 96 5 97 6 98 7 99 8 100 9 101 10 102 1 103 2 104 3 105 4 106 5 107 6 108 7 109 8 110 9 111 10 112 1 113 2 114 3 115 4 116 5 117 6 118 7 119 8 120 9 121 10 122 1 123 2 124 3 125 4 126 5 127 6 128 7 129 8 130 9 131 10 132 1 133 2 134 3 135 4 136 5 137 6 138 7 139 8 140 9 141 10 142 1 143 2 144 3 145 4 146 5 147 6 148 7 149 8 150 9 151 10 152 1 153 2 154 3 155 4 156 5 157 6 158 7 159 8 160 9 161 10 162 1 163 2 164 3 165 4 166 5 167 6 168 7 169 8 170 9 171 10 172 1 173 2 174 3 175 4 176 5 177 6 178 7 179 8 180 9 181 10 182 1 183 2 184 3 185 4 186 5 187 6 188 7 189 8 190 9 191 10 192 1 193 2 194 3 195 4 196 5 197 6 198 7 199 8 200 9 201 10 202 1 203 2 204 3 205 4 206 5 207 6 208 7 209 8 210 9 211 10 212 1 213 2 214 3 215 4 216 5 217 6 218 7 219 8 220 9 221 10 222 1 223 2 224 3 225 4 226 5 227 6 228 7 229 8 230 9 231 10 232 1 233 2 234 3 235 4 236 5 237 6 238 7 239 8 240 9 241 10 242 1 243 2 244 3 245 4 246 5 247 6 248 7 249 8 250 9 251 10 252 1 253 2 254 3 255 4 256 5 257 6 258 
Device 1 Thread 3
1 4 2 5 3 6 4 7 5 8 6 9 7 10 8 11 9 12 10 13 1 14 2 15 3 16 4 17 5 18 6 19 7 20 8 21 9 22 10 23 1 24 2 25 3 26 4 27 5 28 6 29 7 30 8 31 9 32 10 33 1 34 2 35 3 36 4 37 5 38 6 39 7 40 8 41 9 42 10 43 1 44 2 45 3 46 4 47 5 48 6 49 7 50 8 51 9 52 10 53 0 100 2 55 3 56 4 57 5 58 6 59 7 60 8 61 9 62 10 63 1 64 2 65 3 66 4 67 5 68 6 69 7 70 8 71 9 72 10 73 1 74 2 75 3 76 4 77 5 78 6 79 7 80 8 81 9 82 10 83 1 84 2 85 3 86 4 87 5 88 6 89 7 90 8 91 9 92 10 93 1 94 2 95 3 96 4 97 5 98 6 99 7 100 8 101 9 102 10 103 1 104 2 105 3 106 4 107 5 108 6 109 7 110 8 111 9 112 10 113 1 114 2 115 3 116 4 117 5 118 6 119 7 120 8 121 9 122 10 123 1 124 2 125 3 126 4 127 5 128 6 129 7 130 8 131 9 132 10 133 1 134 2 135 3 136 4 137 5 138 6 139 7 140 8 141 9 142 10 143 1 144 2 145 3 146 4 147 5 148 6 149 7 150 8 151 9 152 10 153 1 154 2 155 3 156 4 157 5 158 6 159 7 160 8 161 9 162 10 163 1 164 2 165 3 166 4 167 5 168 6 169 7 170 8 171 9 172 10 173 1 174 2 175 3 176 4 177 5 178 6 179 7 180 8 181 9 182 10 183 1 184 2 185 3 186 4 187 5 188 6 189 7 190 8 191 9 192 10 193 1 194 2 195 3 196 4 197 5 198 6 199 7 200 8 201 9 202 10 203 1 204 2 205 3 206 4 207 5 208 6 209 7 210 8 211 9 212 10 213 1 214 2 215 3 216 4 217 5 218 6 219 7 220 8 221 9 222 10 223 1 224 2 225 3 226 4 227 5 228 6 229 7 230 8 231 9 232 10 233 1 234 2 235 3 236 4 237 5 238 6 239 7 240 8 241 9 242 10 243 1 244 2 245 3 246 4 247 5 248 6 249 7 250 8 251 9 252 10 253 1 254 2 255 3 256 4 257 5 258 6 259 
Device 1 Thread 4
1 5 2 6 3 7 4 8 5 9 6 10 7 11 8 12 9 13 10 14 1 15 2 16 3 17 4 18 5 19 6 20 7 21 8 22 9 23 10 24 1 25 2 26 3 27 4 28 5 29 6 30 7 31 8 32 9 33 10 34 1 35 2 36 3 37 4 38 5 39 6 40 7 41 8 42 9 43 10 44 1 45 2 46 3 47 4 48 5 49 6 50 7 51 8 52 9 53 10 54 0 612 2 56 3 57 4 58 5 59 6 60 7 61 8 62 9 63 10 64 1 65 2 66 3 67 4 68 5 69 6 70 7 71 8 72 9 73 10 74 1 75 2 76 3 77 4 78 5 79 6 80 7 81 8 82 9 83 10 84 1 85 2 86 3 87 4 88 5 89 6 90 7 91 8 92 9 93 10 94 1 95 2 96 3 97 4 98 5 99 6 100 7 101 8 102 9 103 10 104 1 105 2 106 3 107 4 108 5 109 6 110 7 111 8 112 9 113 10 114 1 115 2 116 3 117 4 118 5 119 6 120 7 121 8 122 9 123 10 124 1 125 2 126 3 127 4 128 5 129 6 130 7 131 8 132 9 133 10 134 1 135 2 136 3 137 4 138 5 139 6 140 7 141 8 142 9 143 10 144 1 145 2 146 3 147 4 148 5 149 6 150 7 151 8 152 9 153 10 154 1 155 2 156 3 157 4 158 5 159 6 160 7 161 8 162 9 163 10 164 1 165 2 166 3 167 4 168 5 169 6 170 7 171 8 172 9 173 10 174 1 175 2 176 3 177 4 178 5 179 6 180 7 181 8 182 9 183 10 184 1 185 2 186 3 187 4 188 5 189 6 190 7 191 8 192 9 193 10 194 1 195 2 196 3 197 4 198 5 199 6 200 7 201 8 202 9 203 10 204 1 205 2 206 3 207 4 208 5 209 6 210 7 211 8 212 9 213 10 214 1 215 2 216 3 217 4 218 5 219 6 220 7 221 8 222 9 223 10 224 1 225 2 226 3 227 4 228 5 229 6 230 7 231 8 232 9 233 10 234 1 235 2 236 3 237 4 238 5 239 6 240 7 241 8 242 9 243 10 244 1 245 2 246 3 247 4 248 5 249 6 250 7 251 8 252 9 253 10 254 1 255 2 256 3 257 4 258 5 259 6 260 
Device 1 Thread 5
1 6 2 7 3 8 4 9 5 10 6 11 7 12 8 13 9 14 10 15 1 16 2 17 3 18 4 19 5 20 6 21 7 22 8 23 9 24 10 25 1 26 2 27 3 28 4 29 5 30 6 31 7 32 8 33 9 34 10 35 1 36 2 37 3 38 4 39 5 40 6 41 7 42 8 43 9 44 10 45 1 46 2 47 3 48 4 49 5 50 6 51 7 52 8 53 9 54 10 55 0 100 2 57 3 58 4 59 5 60 6 61 7 62 8 63 9 64 10 65 1 66 2 67 3 68 4 69 5 70 6 71 7 72 8 73 9 74 10 75 1 76 2 77 3 78 4 79 5 80 6 81 7 82 8 83 9 84 10 85 1 86 2 87 3 88 4 89 5 90 6 91 7 92 8 93 9 94 10 95 1 96 2 97 3 98 4 99 5 100 6 101 7 102 8 103 9 104 10 105 1 106 2 107 3 108 4 109 5 110 6 111 7 112 8 113 9 114 10 115 1 116 2 117 3 118 4 119 5 120 6 121 7 122 8 123 9 124 10 125 1 126 2 127 3 128 4 129 5 130 6 131 7 132 8 133 9 134 10 135 1 136 2 137 3 138 4 139 5 140 6 141 7 142 8 143 9 144 10 145 1 146 2 147 3 148 4 149 5 150 6 151 7 152 8 153 9 154 10 155 1 156 2 157 3 158 4 159 5 160 6 161 7 162 8 163 9 164 10 165 1 166 2 167 3 168 4 169 5 170 6 171 7 172 8 173 9 174 10 175 1 176 2 177 3 178 4 179 5 180 6 181 7 182 8 183 9 184 10 185 1 186 2 187 3 188 4 189 5 190 6 191 7 192 8 193 9 194 10 195 1 196 2 197 3 198 4 199 5 200 6 201 7 202 8 203 9 204 10 205 1 206 2 207 3 208 4 209 5 210 6 211 7 212 8 213 9 214 10 215 1 216 2 217 3 218 4 219 5 220 6 221 7 222 8 223 9 224 10 225 1 226 2 227 3 228 4 229 5 230 6 231 7 232 8 233 9 234 10 235 1 236 2 237 3 238 4 239 5 240 6 241 7 242 8 243 9 244 10 245 1 246 2 247 3 248 4 249 5 250 6 251 7 252 8 253 9 254 10 255 1 256 2 257 3 258 4 259 5 260 6 261 
Device 1 Thread 6
1 7 2 8 3 9 4 10 5 11 6 12 7 13 8 14 9 15 10 16 1 17 2 18 3 19 4 20 5 21 6 22 7 23 8 24 9 25 10 26 1 27 2 28 3 29 4 30 5 31 6 32 7 33 8 34 9 35 10 36 1 37 2 38 3 39 4 40 5 41 6 42 7 43 8 44 9 45 10 46 1 47 2 48 3 49 4 50 5 51 6 52 7 53 8 54 9 55 10 56 0 612 2 58 3 59 4 60 5 61 6 62 7 63 8 64 9 65 10 66 1 67 2 68 3 69 4 70 5 71 6 72 7 73 8 74 9 75 10 76 1 77 2 78 3 79 4 80 5 81 6 82 7 83 8 84 9 85 10 86 1 87 2 88 3 89 4 90 5 91 6 92 7 93 8 94 9 95 10 96 1 97 2 98 3 99 4 100 5 101 6 102 7 103 8 104 9 105 10 106 1 107 2 108 3 109 4 110 5 111 6 112 7 113 8 114 9 115 10 116 1 117 2 118 3 119 4 120 5 121 6 122 7 123 8 124 9 125 10 126 1 127 2 128 3 129 4 130 5 131 6 132 7 133 8 134 9 135 10 136 1 137 2 138 3 139 4 140 5 141 6 142 7 143 8 144 9 145 10 146 1 147 2 148 3 149 4 150 5 151 6 152 7 153 8 154 9 155 10 156 1 157 2 158 3 159 4 160 5 161 6 162 7 163 8 164 9 165 10 166 1 167 2 168 3 169 4 170 5 171 6 172 7 173 8 174 9 175 10 176 1 177 2 178 3 179 4 180 5 181 6 182 7 183 8 184 9 185 10 186 1 187 2 188 3 189 4 190 5 191 6 192 7 193 8 194 9 195 10 196 1 197 2 198 3 199 4 200 5 201 6 202 7 203 8 204 9 205 10 206 1 207 2 208 3 209 4 210 5 211 6 212 7 213 8 214 9 215 10 216 1 217 2 218 3 219 4 220 5 221 6 222 7 223 8 224 9 225 10 226 1 227 2 228 3 229 4 230 5 231 6 232 7 233 8 234 9 235 10 236 1 237 2 238 3 239 4 240 5 241 6 242 7 243 8 244 9 245 10 246 1 247 2 248 3 249 4 250 5 251 6 252 7 253 8 254 9 255 10 256 1 257 2 258 3 259 4 260 5 261 6 262 
Device 1 Thread 7
1 8 2 9 3 10 4 11 5 12 6 13 7 14 8 15 9 16 10 17 1 18 2 19 3 20 4 21 5 22 6 23 7 24 8 25 9 26 10 27 1 28 2 29 3 30 4 31 5 32 6 33 7 34 8 35 9 36 10 37 1 38 2 39 3 40 4 41 5 42 6 43 7 44 8 45 9 46 10 47 1 48 2 49 3 50 4 51 5 52 6 53 7 54 8 55 9 56 10 57 0 100 2 59 3 60 4 61 5 62 6 63 7 64 8 65 9 66 10 67 1 68 2 69 3 70 4 71 5 72 6 73 7 74 8 75 9 76 10 77 1 78 2 79 3 80 4 81 5 82 6 83 7 84 8 85 9 86 10 87 1 88 2 89 3 90 4 91 5 92 6 93 7 94 8 95 9 96 10 97 1 98 2 99 3 100 4 101 5 102 6 103 7 104 8 105 9 106 10 107 1 108 2 109 3 110 4 111 5 112 6 113 7 114 8 115 9 116 10 117 1 118 2 119 3 120 4 121 5 122 6 123 7 124 8 125 9 126 10 127 1 128 2 129 3 130 4 131 5 132 6 133 7 134 8 135 9 136 10 137 1 138 2 139 3 140 4 141 5 142 6 143 7 144 8 145 9 146 10 147 1 148 2 149 3 150 4 151 5 152 6 153 7 154 8 155 9 156 10 157 1 158 2 159 3 160 4 161 5 162 6 163 7 164 8 165 9 166 10 167 1 168 2 169 3 170 4 171 5 172 6 173 7 174 8 175 9 176 10 177 1 178 2 179 3 180 4 181 5 182 6 183 7 184 8 185 9 186 10 187 1 188 2 189 3 190 4 191 5 192 6 193 7 194 8 195 9 196 10 197 1 198 2 199 3 200 4 201 5 202 6 203 7 204 8 205 9 206 10 207 1 208 2 209 3 210 4 211 5 212 6 213 7 214 8 215 9 216 10 217 1 218 2 219 3 220 4 221 5 222 6 223 7 224 8 225 9 226 10 227 1 228 2 229 3 230 4 231 5 232 6 233 7 234 8 235 9 236 10 237 1 238 2 239 3 240 4 241 5 242 6 243 7 244 8 245 9 246 10 247 1 248 2 249 3 250 4 251 5 252 6 253 7 254 8 255 9 256 10 257 1 258 2 259 3 260 4 261 5 262 6 263 
Device 1 Thread 8
1 9 2 10 3 11 4 12 5 13 6 14 7 15 8 16 9 17 10 18 1 19 2 20 3 21 4 22 5 23 6 24 7 25 8 26 9 27 10 28 1 29 2 30 3 31 4 32 5 33 6 34 7 35 8 36 9 37 10 38 1 39 2 40 3 41 4 42 5 43 6 44 7 45 8 46 9 47 10 48 1 49 2 50 3 51 4 52 5 53 6 54 7 55 8 56 9 57 10 58 0 612 2 60 3 61 4 62 5 63 6 64 7 65 8 66 9 67 10 68 1 69 2 70 3 71 4 72 5 73 6 74 7 75 8 76 9 77 10 78 1 79 2 80 3 81 4 82 5 83 6 84 7 85 8 86 9 87 10 88 1 89 2 90 3 91 4 92 5 93 6 94 7 95 8 96 9 97 10 98 1 99 2 100 3 101 4 102 5 103 6 104 7 105 8 106 9 107 10 108 1 109 2 110 3 111 4 112 5 113 6 114 7 115 8 116 9 117 10 118 1 119 2 120 3 121 4 122 5 123 6 124 7 125 8 126 9 127 10 128 1 129 2 130 3 131 4 132 5 133 6 134 7 135 8 136 9 137 10 138 1 139 2 140 3 141 4 142 5 143 6 144 7 145 8 146 9 147 10 148 1 149 2 150 3 151 4 152 5 153 6 154 7 155 8 156 9 157 10 158 1 159 2 160 3 161 4 162 5 163 6 164 7 165 8 166 9 167 10 168 1 169 2 170 3 171 4 172 5 173 6 174 7 175 8 176 9 177 10 178 1 179 2 180 3 181 4 182 5 183 6 184 7 185 8 186 9 187 10 188 1 189 2 190 3 191 4 192 5 193 6 194 7 195 8 196 9 197 10 198 1 199 2 200 3 201 4 202 5 203 6 204 7 205 8 206 9 207 10 208 1 209 2 210 3 211 4 212 5 213 6 214 7 215 8 216 9 217 10 218 1 219 2 220 3 221 4 222 5 223 6 224 7 225 8 226 9 227 10 228 1 229 2 230 3 231 4 232 5 233 6 234 7 235 8 236 9 237 10 238 1 239 2 240 3 241 4 242 5 243 6 244 7 245 8 246 9 247 10 248 1 249 2 250 3 251 4 252 5 253 6 254 7 255 8 256 9 257 10 258 1 259 2 260 3 261 4 262 5 263 6 264 
Device 1 Thread 9
1 10 2 11 3 12 4 13 5 14 6 15 7 16 8 17 9 18 10 19 1 20 2 21 3 22 4 23 5 24 6 25 7 26 8 27 9 28 10 29 1 30 2 31 3 32 4 33 5 34 6 35 7 36 8 37 9 38 10 39 1 40 2 41 3 42 4 43 5 44 6 45 7 46 8 47 9 48 10 49 1 50 2 51 3 52 4 53 5 54 6 55 7 56 8 57 9 58 10 59 0 100 2 61 3 62 4 63 5 64 6 65 7 66 8 67 9 68 10 69 1 70 2 71 3 72 4 73 5 74 6 75 7 76 8 77 9 78 10 79 1 80 2 81 3 82 4 83 5 84 6 85 7 86 8 87 9 88 10 89 1 90 2 91 3 92 4 93 5 94 6 95 7 96 8 97 9 98 10 99 1 100 2 101 3 102 4 103 5 104 6 105 7 106 8 107 9 108 10 109 1 110 2 111 3 112 4 113 5 114 6 115 7 116 8 117 9 118 10 119 1 120 2 121 3 122 4 123 5 124 6 125 7 126 8 127 9 128 10 129 1 130 2 131 3 132 4 133 5 134 6 135 7 136 8 137 9 138 10 139 1 140 2 141 3 142 4 143 5 144 6 145 7 146 8 147 9 148 10 149 1 150 2 151 3 152 4 153 5 154 6 155 7 156 8 157 9 158 10 159 1 160 2 161 3 162 4 163 5 164 6 165 7 166 8 167 9 168 10 169 1 170 2 171 3 172 4 173 5 174 6 175 7 176 8 177 9 178 10 179 1 180 2 181 3 182 4 183 5 184 6 185 7 186 8 187 9 188 10 189 1 190 2 191 3 192 4 193 5 194 6 195 7 196 8 197 9 198 10 199 1 200 2 201 3 202 4 203 5 204 6 205 7 206 8 207 9 208 10 209 1 210 2 211 3 212 4 213 5 214 6 215 7 216 8 217 9 218 10 219 1 220 2 221 3 222 4 223 5 224 6 225 7 226 8 227 9 228 10 229 1 230 2 231 3 232 4 233 5 234 6 235 7 236 8 237 9 238 10 239 1 240 2 241 3 242 4 243 5 244 6 245 7 246 8 247 9 248 10 249 1 250 2 251 3 252 4 253 5 254 6 255 7 256 8 257 9 258 10 259 1 260 2 261 3 262 4 263 5 264 6 265 
Device 0 Thread 0
2 51 3 52 4 53 5 54 6 55 7 56 8 57 9 58 10 59 1 60 2 61 3 62 4 63 5 64 6 65 7 66 8 67 9 68 10 69 1 70 2 71 3 72 4 73 5 74 6 75 7 76 8 77 9 78 10 79 1 80 2 81 3 82 4 83 5 84 6 85 7 86 8 87 9 88 10 89 1 90 2 91 3 92 4 93 5 94 6 95 7 96 8 97 9 98 10 99 1 100 2 101 3 102 4 103 5 104 6 105 7 106 8 107 9 108 10 109 1 110 2 111 3 112 4 113 5 114 6 115 7 116 8 117 9 118 10 119 1 120 2 121 3 122 4 123 5 124 6 125 7 126 8 127 9 128 10 129 1 130 2 131 3 132 4 133 5 134 6 135 7 136 8 137 9 138 10 139 1 140 2 141 3 142 4 143 5 144 6 145 7 146 8 147 9 148 10 149 1 150 2 151 3 152 4 153 5 154 6 155 7 156 8 157 9 158 10 159 1 160 2 161 3 162 4 163 5 164 6 165 7 166 8 167 9 168 10 169 1 170 2 171 3 172 4 173 5 174 6 175 7 176 8 177 9 178 10 179 1 180 2 181 3 182 4 183 5 184 6 185 7 186 8 187 9 188 10 189 1 190 2 191 3 192 4 193 5 194 6 195 7 196 8 197 9 198 10 199 1 200 2 201 3 202 4 203 5 204 6 205 7 206 8 207 9 208 10 209 1 210 2 211 3 212 4 213 5 214 6 215 7 216 8 217 9 218 10 219 1 220 2 221 3 222 4 223 5 224 6 225 7 226 8 227 9 228 10 229 1 230 2 231 3 232 4 233 5 234 6 235 7 236 8 237 9 238 10 239 1 240 2 241 3 242 4 243 5 244 6 245 7 246 8 247 9 248 10 249 1 250 2 251 3 252 4 253 5 254 6 255 1 0 2 1 3 2 4 3 5 4 6 5 7 6 8 7 9 8 10 9 1 10 2 11 3 12 4 13 5 14 6 15 7 16 8 17 9 18 10 19 1 20 2 21 3 22 4 23 5 24 6 25 7 26 8 27 9 28 10 29 1 30 2 31 3 32 4 33 5 34 6 35 7 36 8 37 9 38 10 39 1 40 2 41 3 42 4 43 5 44 6 45 7 46 8 47 9 48 10 49 0 0 
Device 0 Thread 1
1 1 2 2 3 3 4 4 5 5 6 6 7 7 8 8 9 9 10 10 1 11 2 12 3 13 4 14 5 15 6 16 7 17 8 18 9 19 10 20 1 21 2 22 3 23 4 24 5 25 6 26 7 27 8 28 9 29 10 30 1 31 2 32 3 33 4 34 5 35 6 36 7 37 8 38 9 39 10 40 1 41 2 42 3 43 4 44 5 45 6 46 7 47 8 48 9 49 10 50 0 0 0 0 0 0 0 0 0 0 0 0 0 0 0 0 0 0 0 0 0 0 0 0 0 0 0 0 0 0 0 0 0 0 0 0 0 0 0 0 0 0 0 0 0 0 0 0 0 0 0 0 0 0 0 0 0 0 0 0 0 0 0 0 0 0 0 0 0 0 0 0 0 0 0 0 0 0 0 0 0 0 0 0 0 0 0 0 0 0 0 0 0 0 0 0 0 0 0 0 0 0 0 0 0 0 0 0 0 0 0 0 0 0 0 0 0 0 0 0 0 0 0 0 0 0 0 0 0 0 0 0 0 0 0 0 0 0 0 0 0 0 0 0 0 0 0 0 0 0 0 0 0 0 0 0 0 0 0 0 0 0 0 0 0 0 0 0 0 0 0 0 0 0 0 0 0 0 0 0 0 0 0 0 0 0 0 0 0 0 0 0 0 0 0 0 0 0 0 0 0 0 0 0 0 0 0 0 0 0 0 0 0 0 0 0 0 0 0 0 0 0 0 0 0 0 0 0 0 0 0 0 0 0 0 0 0 0 0 0 0 0 0 0 0 0 0 0 0 0 0 0 0 0 0 0 0 0 0 0 0 0 0 0 0 0 0 0 0 0 0 0 0 0 0 0 0 0 0 0 0 0 0 0 0 0 0 0 0 0 0 0 0 0 0 0 0 0 0 0 0 0 0 0 0 0 0 0 0 0 0 0 0 0 0 0 0 0 0 0 0 0 0 0 0 0 0 0 0 0 0 0 0 0 0 0 0 0 0 0 0 0 0 0 0 0 0 0 0 0 0 0 0 0 0 0 0 0 0 0 0 0 0 0 0 0 0 0 0 0 0 0 0 0 0 0 0 0 0 0 0 0 0 0 0 0 0 0 0 0 0 0 0 0 0 0 0 0 0 0 0 0 0 0 0 0 0 0 0 0 0 0 
Device 0 Thread 2
2 53 3 54 4 55 5 56 6 57 7 58 8 59 9 60 10 61 1 62 2 63 3 64 4 65 5 66 6 67 7 68 8 69 9 70 10 71 1 72 2 73 3 74 4 75 5 76 6 77 7 78 8 79 9 80 10 81 1 82 2 83 3 84 4 85 5 86 6 87 7 88 8 89 9 90 10 91 1 92 2 93 3 94 4 95 5 96 6 97 7 98 8 99 9 100 10 101 1 102 2 103 3 104 4 105 5 106 6 107 7 108 8 109 9 110 10 111 1 112 2 113 3 114 4 115 5 116 6 117 7 118 8 119 9 120 10 121 1 122 2 123 3 124 4 125 5 126 6 127 7 128 8 129 9 130 10 131 1 132 2 133 3 134 4 135 5 136 6 137 7 138 8 139 9 140 10 141 1 142 2 143 3 144 4 145 5 146 6 147 7 148 8 149 9 150 10 151 1 152 2 153 3 154 4 155 5 156 6 157 7 158 8 159 9 160 10 161 1 162 2 163 3 164 4 165 5 166 6 167 7 168 8 169 9 170 10 171 1 172 2 173 3 174 4 175 5 176 6 177 7 178 8 179 9 180 10 181 1 182 2 183 3 184 4 185 5 186 6 187 7 188 8 189 9 190 10 191 1 192 2 193 3 194 4 195 5 196 6 197 7 198 8 199 9 200 10 201 1 202 2 203 3 204 4 205 5 206 6 207 7 208 8 209 9 210 10 211 1 212 2 213 3 214 4 215 5 216 6 217 7 218 8 219 9 220 10 221 1 222 2 223 3 224 4 225 5 226 6 227 7 228 8 229 9 230 10 231 1 232 2 233 3 234 4 235 5 236 6 237 7 238 8 239 9 240 10 241 1 242 2 243 3 244 4 245 5 246 6 247 7 248 8 249 9 250 10 251 1 252 2 253 3 254 4 255 5 256 6 257 1 2 2 3 3 4 4 5 5 6 6 7 7 8 8 9 9 10 10 11 1 12 2 13 3 14 4 15 5 16 6 17 7 18 8 19 9 20 10 21 1 22 2 23 3 24 4 25 5 26 6 27 7 28 8 29 9 30 10 31 1 32 2 33 3 34 4 35 5 36 6 37 7 38 8 39 9 40 10 41 1 42 2 43 3 44 4 45 5 46 6 47 7 48 8 49 9 50 10 51 0 0 
Device 0 Thread 3
1 3 2 4 3 5 4 6 5 7 6 8 7 9 8 10 9 11 10 12 1 13 2 14 3 15 4 16 5 17 6 18 7 19 8 20 9 21 10 22 1 23 2 24 3 25 4 26 5 27 6 28 7 29 8 30 9 31 10 32 1 33 2 34 3 35 4 36 5 37 6 38 7 39 8 40 9 41 10 42 1 43 2 44 3 45 4 46 5 47 6 48 7 49 8 50 9 51 10 52 0 0 0 0 0 0 0 0 0 0 0 0 0 0 0 0 0 0 0 0 0 0 0 0 0 0 0 0 0 0 0 0 0 0 0 0 0 0 0 0 0 0 0 0 0 0 0 0 0 0 0 0 0 0 0 0 0 0 0 0 0 0 0 0 0 0 0 0 0 0 0 0 0 0 0 0 0 0 0 0 0 0 0 0 0 0 0 0 0 0 0 0 0 0 0 0 0 0 0 0 0 0 0 0 0 0 0 0 0 0 0 0 0 0 0 0 0 0 0 0 0 0 0 0 0 0 0 0 0 0 0 0 0 0 0 0 0 0 0 0 0 0 0 0 0 0 0 0 0 0 0 0 0 0 0 0 0 0 0 0 0 0 0 0 0 0 0 0 0 0 0 0 0 0 0 0 0 0 0 0 0 0 0 0 0 0 0 0 0 0 0 0 0 0 0 0 0 0 0 0 0 0 0 0 0 0 0 0 0 0 0 0 0 0 0 0 0 0 0 0 0 0 0 0 0 0 0 0 0 0 0 0 0 0 0 0 0 0 0 0 0 0 0 0 0 0 0 0 0 0 0 0 0 0 0 0 0 0 0 0 0 0 0 0 0 0 0 0 0 0 0 0 0 0 0 0 0 0 0 0 0 0 0 0 0 0 0 0 0 0 0 0 0 0 0 0 0 0 0 0 0 0 0 0 0 0 0 0 0 0 0 0 0 0 0 0 0 0 0 0 0 0 0 0 0 0 0 0 0 0 0 0 0 0 0 0 0 0 0 0 0 0 0 0 0 0 0 0 0 0 0 0 0 0 0 0 0 0 0 0 0 0 0 0 0 0 0 0 0 0 0 0 0 0 0 0 0 0 0 0 0 0 0 0 0 0 0 0 0 0 0 0 0 0 0 0 0 0 0 0 0 0 0 0 0 0 0 0 0 0 0 0 
Device 0 Thread 4
2 55 3 56 4 57 5 58 6 59 7 60 8 61 9 62 10 63 1 64 2 65 3 66 4 67 5 68 6 69 7 70 8 71 9 72 10 73 1 74 2 75 3 76 4 77 5 78 6 79 7 80 8 81 9 82 10 83 1 84 2 85 3 86 4 87 5 88 6 89 7 90 8 91 9 92 10 93 1 94 2 95 3 96 4 97 5 98 6 99 7 100 8 101 9 102 10 103 1 104 2 105 3 106 4 107 5 108 6 109 7 110 8 111 9 112 10 113 1 114 2 115 3 116 4 117 5 118 6 119 7 120 8 121 9 122 10 123 1 124 2 125 3 126 4 127 5 128 6 129 7 130 8 131 9 132 10 133 1 134 2 135 3 136 4 137 5 138 6 139 7 140 8 141 9 142 10 143 1 144 2 145 3 146 4 147 5 148 6 149 7 150 8 151 9 152 10 153 1 154 2 155 3 156 4 157 5 158 6 159 7 160 8 161 9 162 10 163 1 164 2 165 3 166 4 167 5 168 6 169 7 170 8 171 9 172 10 173 1 174 2 175 3 176 4 177 5 178 6 179 7 180 8 181 9 182 10 183 1 184 2 185 3 186 4 187 5 188 6 189 7 190 8 191 9 192 10 193 1 194 2 195 3 196 4 197 5 198 6 199 7 200 8 201 9 202 10 203 1 204 2 205 3 206 4 207 5 208 6 209 7 210 8 211 9 212 10 213 1 214 2 215 3 216 4 217 5 218 6 219 7 220 8 221 9 222 10 223 1 224 2 225 3 226 4 227 5 228 6 229 7 230 8 231 9 232 10 233 1 234 2 235 3 236 4 237 5 238 6 239 7 240 8 241 9 242 10 243 1 244 2 245 3 246 4 247 5 248 6 249 7 250 8 251 9 252 10 253 1 254 2 255 3 256 4 257 5 258 6 259 1 4 2 5 3 6 4 7 5 8 6 9 7 10 8 11 9 12 10 13 1 14 2 15 3 16 4 17 5 18 6 19 7 20 8 21 9 22 10 23 1 24 2 25 3 26 4 27 5 28 6 29 7 30 8 31 9 32 10 33 1 34 2 35 3 36 4 37 5 38 6 39 7 40 8 41 9 42 10 43 1 44 2 45 3 46 4 47 5 48 6 49 7 50 8 51 9 52 10 53 0 0 
Device 0 Thread 5
1 5 2 6 3 7 4 8 5 9 6 10 7 11 8 12 9 13 10 14 1 15 2 16 3 17 4 18 5 19 6 20 7 21 8 22 9 23 10 24 1 25 2 26 3 27 4 28 5 29 6 30 7 31 8 32 9 33 10 34 1 35 2 36 3 37 4 38 5 39 6 40 7 41 8 42 9 43 10 44 1 45 2 46 3 47 4 48 5 49 6 50 7 51 8 52 9 53 10 54 0 0 0 0 0 0 0 0 0 0 0 0 0 0 0 0 0 0 0 0 0 0 0 0 0 0 0 0 0 0 0 0 0 0 0 0 0 0 0 0 0 0 0 0 0 0 0 0 0 0 0 0 0 0 0 0 0 0 0 0 0 0 0 0 0 0 0 0 0 0 0 0 0 0 0 0 0 0 0 0 0 0 0 0 0 0 0 0 0 0 0 0 0 0 0 0 0 0 0 0 0 0 0 0 0 0 0 0 0 0 0 0 0 0 0 0 0 0 0 0 0 0 0 0 0 0 0 0 0 0 0 0 0 0 0 0 0 0 0 0 0 0 0 0 0 0 0 0 0 0 0 0 0 0 0 0 0 0 0 0 0 0 0 0 0 0 0 0 0 0 0 0 0 0 0 0 0 0 0 0 0 0 0 0 0 0 0 0 0 0 0 0 0 0 0 0 0 0 0 0 0 0 0 0 0 0 0 0 0 0 0 0 0 0 0 0 0 0 0 0 0 0 0 0 0 0 0 0 0 0 0 0 0 0 0 0 0 0 0 0 0 0 0 0 0 0 0 0 0 0 0 0 0 0 0 0 0 0 0 0 0 0 0 0 0 0 0 0 0 0 0 0 0 0 0 0 0 0 0 0 0 0 0 0 0 0 0 0 0 0 0 0 0 0 0 0 0 0 0 0 0 0 0 0 0 0 0 0 0 0 0 0 0 0 0 0 0 0 0 0 0 0 0 0 0 0 0 0 0 0 0 0 0 0 0 0 0 0 0 0 0 0 0 0 0 0 0 0 0 0 0 0 0 0 0 0 0 0 0 0 0 0 0 0 0 0 0 0 0 0 0 0 0 0 0 0 0 0 0 0 0 0 0 0 0 0 0 0 0 0 0 0 0 0 0 0 0 0 0 0 0 0 0 0 0 0 0 0 0 0 0 0 
Device 0 Thread 6
2 57 3 58 4 59 5 60 6 61 7 62 8 63 9 64 10 65 1 66 2 67 3 68 4 69 5 70 6 71 7 72 8 73 9 74 10 75 1 76 2 77 3 78 4 79 5 80 6 81 7 82 8 83 9 84 10 85 1 86 2 87 3 88 4 89 5 90 6 91 7 92 8 93 9 94 10 95 1 96 2 97 3 98 4 99 5 100 6 101 7 102 8 103 9 104 10 105 1 106 2 107 3 108 4 109 5 110 6 111 7 112 8 113 9 114 10 115 1 116 2 117 3 118 4 119 5 120 6 121 7 122 8 123 9 124 10 125 1 126 2 127 3 128 4 129 5 130 6 131 7 132 8 133 9 134 10 135 1 136 2 137 3 138 4 139 5 140 6 141 7 142 8 143 9 144 10 145 1 146 2 147 3 148 4 149 5 150 6 151 7 152 8 153 9 154 10 155 1 156 2 157 3 158 4 159 5 160 6 161 7 162 8 163 9 164 10 165 1 166 2 167 3 168 4 169 5 170 6 171 7 172 8 173 9 174 10 175 1 176 2 177 3 178 4 179 5 180 6 181 7 182 8 183 9 184 10 185 1 186 2 187 3 188 4 189 5 190 6 191 7 192 8 193 9 194 10 195 1 196 2 197 3 198 4 199 5 200 6 201 7 202 8 203 9 204 10 205 1 206 2 207 3 208 4 209 5 210 6 211 7 212 8 213 9 214 10 215 1 216 2 217 3 218 4 219 5 220 6 221 7 222 8 223 9 224 10 225 1 226 2 227 3 228 4 229 5 230 6 231 7 232 8 233 9 234 10 235 1 236 2 237 3 238 4 239 5 240 6 241 7 242 8 243 9 244 10 245 1 246 2 247 3 248 4 249 5 250 6 251 7 252 8 253 9 254 10 255 1 256 2 257 3 258 4 259 5 260 6 261 1 6 2 7 3 8 4 9 5 10 6 11 7 12 8 13 9 14 10 15 1 16 2 17 3 18 4 19 5 20 6 21 7 22 8 23 9 24 10 25 1 26 2 27 3 28 4 29 5 30 6 31 7 32 8 33 9 34 10 35 1 36 2 37 3 38 4 39 5 40 6 41 7 42 8 43 9 44 10 45 1 46 2 47 3 48 4 49 5 50 6 51 7 52 8 53 9 54 10 55 0 0 
Device 0 Thread 7
1 7 2 8 3 9 4 10 5 11 6 12 7 13 8 14 9 15 10 16 1 17 2 18 3 19 4 20 5 21 6 22 7 23 8 24 9 25 10 26 1 27 2 28 3 29 4 30 5 31 6 32 7 33 8 34 9 35 10 36 1 37 2 38 3 39 4 40 5 41 6 42 7 43 8 44 9 45 10 46 1 47 2 48 3 49 4 50 5 51 6 52 7 53 8 54 9 55 10 56 0 0 0 0 0 0 0 0 0 0 0 0 0 0 0 0 0 0 0 0 0 0 0 0 0 0 0 0 0 0 0 0 0 0 0 0 0 0 0 0 0 0 0 0 0 0 0 0 0 0 0 0 0 0 0 0 0 0 0 0 0 0 0 0 0 0 0 0 0 0 0 0 0 0 0 0 0 0 0 0 0 0 0 0 0 0 0 0 0 0 0 0 0 0 0 0 0 0 0 0 0 0 0 0 0 0 0 0 0 0 0 0 0 0 0 0 0 0 0 0 0 0 0 0 0 0 0 0 0 0 0 0 0 0 0 0 0 0 0 0 0 0 0 0 0 0 0 0 0 0 0 0 0 0 0 0 0 0 0 0 0 0 0 0 0 0 0 0 0 0 0 0 0 0 0 0 0 0 0 0 0 0 0 0 0 0 0 0 0 0 0 0 0 0 0 0 0 0 0 0 0 0 0 0 0 0 0 0 0 0 0 0 0 0 0 0 0 0 0 0 0 0 0 0 0 0 0 0 0 0 0 0 0 0 0 0 0 0 0 0 0 0 0 0 0 0 0 0 0 0 0 0 0 0 0 0 0 0 0 0 0 0 0 0 0 0 0 0 0 0 0 0 0 0 0 0 0 0 0 0 0 0 0 0 0 0 0 0 0 0 0 0 0 0 0 0 0 0 0 0 0 0 0 0 0 0 0 0 0 0 0 0 0 0 0 0 0 0 0 0 0 0 0 0 0 0 0 0 0 0 0 0 0 0 0 0 0 0 0 0 0 0 0 0 0 0 0 0 0 0 0 0 0 0 0 0 0 0 0 0 0 0 0 0 0 0 0 0 0 0 0 0 0 0 0 0 0 0 0 0 0 0 0 0 0 0 0 0 0 0 0 0 0 0 0 0 0 0 0 0 0 0 0 0 0 0 0 0 0 0 0 0 
Device 0 Thread 8
2 59 3 60 4 61 5 62 6 63 7 64 8 65 9 66 10 67 1 68 2 69 3 70 4 71 5 72 6 73 7 74 8 75 9 76 10 77 1 78 2 79 3 80 4 81 5 82 6 83 7 84 8 85 9 86 10 87 1 88 2 89 3 90 4 91 5 92 6 93 7 94 8 95 9 96 10 97 1 98 2 99 3 100 4 101 5 102 6 103 7 104 8 105 9 106 10 107 1 108 2 109 3 110 4 111 5 112 6 113 7 114 8 115 9 116 10 117 1 118 2 119 3 120 4 121 5 122 6 123 7 124 8 125 9 126 10 127 1 128 2 129 3 130 4 131 5 132 6 133 7 134 8 135 9 136 10 137 1 138 2 139 3 140 4 141 5 142 6 143 7 144 8 145 9 146 10 147 1 148 2 149 3 150 4 151 5 152 6 153 7 154 8 155 9 156 10 157 1 158 2 159 3 160 4 161 5 162 6 163 7 164 8 165 9 166 10 167 1 168 2 169 3 170 4 171 5 172 6 173 7 174 8 175 9 176 10 177 1 178 2 179 3 180 4 181 5 182 6 183 7 184 8 185 9 186 10 187 1 188 2 189 3 190 4 191 5 192 6 193 7 194 8 195 9 196 10 197 1 198 2 199 3 200 4 201 5 202 6 203 7 204 8 205 9 206 10 207 1 208 2 209 3 210 4 211 5 212 6 213 7 214 8 215 9 216 10 217 1 218 2 219 3 220 4 221 5 222 6 223 7 224 8 225 9 226 10 227 1 228 2 229 3 230 4 231 5 232 6 233 7 234 8 235 9 236 10 237 1 238 2 239 3 240 4 241 5 242 6 243 7 244 8 245 9 246 10 247 1 248 2 249 3 250 4 251 5 252 6 253 7 254 8 255 9 256 10 257 1 258 2 259 3 260 4 261 5 262 6 263 1 8 2 9 3 10 4 11 5 12 6 13 7 14 8 15 9 16 10 17 1 18 2 19 3 20 4 21 5 22 6 23 7 24 8 25 9 26 10 27 1 28 2 29 3 30 4 31 5 32 6 33 7 34 8 35 9 36 10 37 1 38 2 39 3 40 4 41 5 42 6 43 7 44 8 45 9 46 10 47 1 48 2 49 3 50 4 51 5 52 6 53 7 54 8 55 9 56 10 57 0 0 
Device 0 Thread 9
1 9 2 10 3 11 4 12 5 13 6 14 7 15 8 16 9 17 10 18 1 19 2 20 3 21 4 22 5 23 6 24 7 25 8 26 9 27 10 28 1 29 2 30 3 31 4 32 5 33 6 34 7 35 8 36 9 37 10 38 1 39 2 40 3 41 4 42 5 43 6 44 7 45 8 46 9 47 10 48 1 49 2 50 3 51 4 52 5 53 6 54 7 55 8 56 9 57 10 58 0 0 0 0 0 0 0 0 0 0 0 0 0 0 0 0 0 0 0 0 0 0 0 0 0 0 0 0 0 0 0 0 0 0 0 0 0 0 0 0 0 0 0 0 0 0 0 0 0 0 0 0 0 0 0 0 0 0 0 0 0 0 0 0 0 0 0 0 0 0 0 0 0 0 0 0 0 0 0 0 0 0 0 0 0 0 0 0 0 0 0 0 0 0 0 0 0 0 0 0 0 0 0 0 0 0 0 0 0 0 0 0 0 0 0 0 0 0 0 0 0 0 0 0 0 0 0 0 0 0 0 0 0 0 0 0 0 0 0 0 0 0 0 0 0 0 0 0 0 0 0 0 0 0 0 0 0 0 0 0 0 0 0 0 0 0 0 0 0 0 0 0 0 0 0 0 0 0 0 0 0 0 0 0 0 0 0 0 0 0 0 0 0 0 0 0 0 0 0 0 0 0 0 0 0 0 0 0 0 0 0 0 0 0 0 0 0 0 0 0 0 0 0 0 0 0 0 0 0 0 0 0 0 0 0 0 0 0 0 0 0 0 0 0 0 0 0 0 0 0 0 0 0 0 0 0 0 0 0 0 0 0 0 0 0 0 0 0 0 0 0 0 0 0 0 0 0 0 0 0 0 0 0 0 0 0 0 0 0 0 0 0 0 0 0 0 0 0 0 0 0 0 0 0 0 0 0 0 0 0 0 0 0 0 0 0 0 0 0 0 0 0 0 0 0 0 0 0 0 0 0 0 0 0 0 0 0 0 0 0 0 0 0 0 0 0 0 0 0 0 0 0 0 0 0 0 0 0 0 0 0 0 0 0 0 0 0 0 0 0 0 0 0 0 0 0 0 0 0 0 0 0 0 0 0 0 0 0 0 0 0 0 0 0 0 0 0 0 0 0 0 0 0 0 0 0 0 0 0 0 0 0 
Device 1 Thread 0
2 52 3 53 4 54 5 55 6 56 7 57 8 58 9 59 10 60 1 61 2 62 3 63 4 64 5 65 6 66 7 67 8 68 9 69 10 70 1 71 2 72 3 73 4 74 5 75 6 76 7 77 8 78 9 79 10 80 1 81 2 82 3 83 4 84 5 85 6 86 7 87 8 88 9 89 10 90 1 91 2 92 3 93 4 94 5 95 6 96 7 97 8 98 9 99 10 100 1 101 2 102 3 103 4 104 5 105 6 106 7 107 8 108 9 109 10 110 1 111 2 112 3 113 4 114 5 115 6 116 7 117 8 118 9 119 10 120 1 121 2 122 3 123 4 124 5 125 6 126 7 127 8 128 9 129 10 130 1 131 2 132 3 133 4 134 5 135 6 136 7 137 8 138 9 139 10 140 1 141 2 142 3 143 4 144 5 145 6 146 7 147 8 148 9 149 10 150 1 151 2 152 3 153 4 154 5 155 6 156 7 157 8 158 9 159 10 160 1 161 2 162 3 163 4 164 5 165 6 166 7 167 8 168 9 169 10 170 1 171 2 172 3 173 4 174 5 175 6 176 7 177 8 178 9 179 10 180 1 181 2 182 3 183 4 184 5 185 6 186 7 187 8 188 9 189 10 190 1 191 2 192 3 193 4 194 5 195 6 196 7 197 8 198 9 199 10 200 1 201 2 202 3 203 4 204 5 205 6 206 7 207 8 208 9 209 10 210 1 211 2 212 3 213 4 214 5 215 6 216 7 217 8 218 9 219 10 220 1 221 2 222 3 223 4 224 5 225 6 226 7 227 8 228 9 229 10 230 1 231 2 232 3 233 4 234 5 235 6 236 7 237 8 238 9 239 10 240 1 241 2 242 3 243 4 244 5 245 6 246 7 247 8 248 9 249 10 250 1 251 2 252 3 253 4 254 5 255 6 256 1 1 2 2 3 3 4 4 5 5 6 6 7 7 8 8 9 9 10 10 1 11 2 12 3 13 4 14 5 15 6 16 7 17 8 18 9 19 10 20 1 21 2 22 3 23 4 24 5 25 6 26 7 27 8 28 9 29 10 30 1 31 2 32 3 33 4 34 5 35 6 36 7 37 8 38 9 39 10 40 1 41 2 42 3 43 4 44 5 45 6 46 7 47 8 48 9 49 10 50 0 0 
Device 1 Thread 1
1 2 2 3 3 4 4 5 5 6 6 7 7 8 8 9 9 10 10 11 1 12 2 13 3 14 4 15 5 16 6 17 7 18 8 19 9 20 10 21 1 22 2 23 3 24 4 25 5 26 6 27 7 28 8 29 9 30 10 31 1 32 2 33 3 34 4 35 5 36 6 37 7 38 8 39 9 40 10 41 1 42 2 43 3 44 4 45 5 46 6 47 7 48 8 49 9 50 10 51 0 0 0 0 0 0 0 0 0 0 0 0 0 0 0 0 0 0 0 0 0 0 0 0 0 0 0 0 0 0 0 0 0 0 0 0 0 0 0 0 0 0 0 0 0 0 0 0 0 0 0 0 0 0 0 0 0 0 0 0 0 0 0 0 0 0 0 0 0 0 0 0 0 0 0 0 0 0 0 0 0 0 0 0 0 0 0 0 0 0 0 0 0 0 0 0 0 0 0 0 0 0 0 0 0 0 0 0 0 0 0 0 0 0 0 0 0 0 0 0 0 0 0 0 0 0 0 0 0 0 0 0 0 0 0 0 0 0 0 0 0 0 0 0 0 0 0 0 0 0 0 0 0 0 0 0 0 0 0 0 0 0 0 0 0 0 0 0 0 0 0 0 0 0 0 0 0 0 0 0 0 0 0 0 0 0 0 0 0 0 0 0 0 0 0 0 0 0 0 0 0 0 0 0 0 0 0 0 0 0 0 0 0 0 0 0 0 0 0 0 0 0 0 0 0 0 0 0 0 0 0 0 0 0 0 0 0 0 0 0 0 0 0 0 0 0 0 0 0 0 0 0 0 0 0 0 0 0 0 0 0 0 0 0 0 0 0 0 0 0 0 0 0 0 0 0 0 0 0 0 0 0 0 0 0 0 0 0 0 0 0 0 0 0 0 0 0 0 0 0 0 0 0 0 0 0 0 0 0 0 0 0 0 0 0 0 0 0 0 0 0 0 0 0 0 0 0 0 0 0 0 0 0 0 0 0 0 0 0 0 0 0 0 0 0 0 0 0 0 0 0 0 0 0 0 0 0 0 0 0 0 0 0 0 0 0 0 0 0 0 0 0 0 0 0 0 0 0 0 0 0 0 0 0 0 0 0 0 0 0 0 0 0 0 0 0 0 0 0 0 0 0 0 0 0 0 0 0 0 0 0 0 
Device 1 Thread 2
2 54 3 55 4 56 5 57 6 58 7 59 8 60 9 61 10 62 1 63 2 64 3 65 4 66 5 67 6 68 7 69 8 70 9 71 10 72 1 73 2 74 3 75 4 76 5 77 6 78 7 79 8 80 9 81 10 82 1 83 2 84 3 85 4 86 5 87 6 88 7 89 8 90 9 91 10 92 1 93 2 94 3 95 4 96 5 97 6 98 7 99 8 100 9 101 10 102 1 103 2 104 3 105 4 106 5 107 6 108 7 109 8 110 9 111 10 112 1 113 2 114 3 115 4 116 5 117 6 118 7 119 8 120 9 121 10 122 1 123 2 124 3 125 4 126 5 127 6 128 7 129 8 130 9 131 10 132 1 133 2 134 3 135 4 136 5 137 6 138 7 139 8 140 9 141 10 142 1 143 2 144 3 145 4 146 5 147 6 148 7 149 8 150 9 151 10 152 1 153 2 154 3 155 4 156 5 157 6 158 7 159 8 160 9 161 10 162 1 163 2 164 3 165 4 166 5 167 6 168 7 169 8 170 9 171 10 172 1 173 2 174 3 175 4 176 5 177 6 178 7 179 8 180 9 181 10 182 1 183 2 184 3 185 4 186 5 187 6 188 7 189 8 190 9 191 10 192 1 193 2 194 3 195 4 196 5 197 6 198 7 199 8 200 9 201 10 202 1 203 2 204 3 205 4 206 5 207 6 208 7 209 8 210 9 211 10 212 1 213 2 214 3 215 4 216 5 217 6 218 7 219 8 220 9 221 10 222 1 223 2 224 3 225 4 226 5 227 6 228 7 229 8 230 9 231 10 232 1 233 2 234 3 235 4 236 5 237 6 238 7 239 8 240 9 241 10 242 1 243 2 244 3 245 4 246 5 247 6 248 7 249 8 250 9 251 10 252 1 253 2 254 3 255 4 256 5 257 6 258 1 3 2 4 3 5 4 6 5 7 6 8 7 9 8 10 9 11 10 12 1 13 2 14 3 15 4 16 5 17 6 18 7 19 8 20 9 21 10 22 1 23 2 24 3 25 4 26 5 27 6 28 7 29 8 30 9 31 10 32 1 33 2 34 3 35 4 36 5 37 6 38 7 39 8 40 9 41 10 42 1 43 2 44 3 45 4 46 5 47 6 48 7 49 8 50 9 51 10 52 0 0 
Device 1 Thread 3
1 4 2 5 3 6 4 7 5 8 6 9 7 10 8 11 9 12 10 13 1 14 2 15 3 16 4 17 5 18 6 19 7 20 8 21 9 22 10 23 1 24 2 25 3 26 4 27 5 28 6 29 7 30 8 31 9 32 10 33 1 34 2 35 3 36 4 37 5 38 6 39 7 40 8 41 9 42 10 43 1 44 2 45 3 46 4 47 5 48 6 49 7 50 8 51 9 52 10 53 0 0 0 0 0 0 0 0 0 0 0 0 0 0 0 0 0 0 0 0 0 0 0 0 0 0 0 0 0 0 0 0 0 0 0 0 0 0 0 0 0 0 0 0 0 0 0 0 0 0 0 0 0 0 0 0 0 0 0 0 0 0 0 0 0 0 0 0 0 0 0 0 0 0 0 0 0 0 0 0 0 0 0 0 0 0 0 0 0 0 0 0 0 0 0 0 0 0 0 0 0 0 0 0 0 0 0 0 0 0 0 0 0 0 0 0 0 0 0 0 0 0 0 0 0 0 0 0 0 0 0 0 0 0 0 0 0 0 0 0 0 0 0 0 0 0 0 0 0 0 0 0 0 0 0 0 0 0 0 0 0 0 0 0 0 0 0 0 0 0 0 0 0 0 0 0 0 0 0 0 0 0 0 0 0 0 0 0 0 0 0 0 0 0 0 0 0 0 0 0 0 0 0 0 0 0 0 0 0 0 0 0 0 0 0 0 0 0 0 0 0 0 0 0 0 0 0 0 0 0 0 0 0 0 0 0 0 0 0 0 0 0 0 0 0 0 0 0 0 0 0 0 0 0 0 0 0 0 0 0 0 0 0 0 0 0 0 0 0 0 0 0 0 0 0 0 0 0 0 0 0 0 0 0 0 0 0 0 0 0 0 0 0 0 0 0 0 0 0 0 0 0 0 0 0 0 0 0 0 0 0 0 0 0 0 0 0 0 0 0 0 0 0 0 0 0 0 0 0 0 0 0 0 0 0 0 0 0 0 0 0 0 0 0 0 0 0 0 0 0 0 0 0 0 0 0 0 0 0 0 0 0 0 0 0 0 0 0 0 0 0 0 0 0 0 0 0 0 0 0 0 0 0 0 0 0 0 0 0 0 0 0 0 0 0 0 0 0 0 0 0 0 0 0 0 0 0 0 0 0 0 0 
Device 1 Thread 4
2 56 3 57 4 58 5 59 6 60 7 61 8 62 9 63 10 64 1 65 2 66 3 67 4 68 5 69 6 70 7 71 8 72 9 73 10 74 1 75 2 76 3 77 4 78 5 79 6 80 7 81 8 82 9 83 10 84 1 85 2 86 3 87 4 88 5 89 6 90 7 91 8 92 9 93 10 94 1 95 2 96 3 97 4 98 5 99 6 100 7 101 8 102 9 103 10 104 1 105 2 106 3 107 4 108 5 109 6 110 7 111 8 112 9 113 10 114 1 115 2 116 3 117 4 118 5 119 6 120 7 121 8 122 9 123 10 124 1 125 2 126 3 127 4 128 5 129 6 130 7 131 8 132 9 133 10 134 1 135 2 136 3 137 4 138 5 139 6 140 7 141 8 142 9 143 10 144 1 145 2 146 3 147 4 148 5 149 6 150 7 151 8 152 9 153 10 154 1 155 2 156 3 157 4 158 5 159 6 160 7 161 8 162 9 163 10 164 1 165 2 166 3 167 4 168 5 169 6 170 7 171 8 172 9 173 10 174 1 175 2 176 3 177 4 178 5 179 6 180 7 181 8 182 9 183 10 184 1 185 2 186 3 187 4 188 5 189 6 190 7 191 8 192 9 193 10 194 1 195 2 196 3 197 4 198 5 199 6 200 7 201 8 202 9 203 10 204 1 205 2 206 3 207 4 208 5 209 6 210 7 211 8 212 9 213 10 214 1 215 2 216 3 217 4 218 5 219 6 220 7 221 8 222 9 223 10 224 1 225 2 226 3 227 4 228 5 229 6 230 7 231 8 232 9 233 10 234 1 235 2 236 3 237 4 238 5 239 6 240 7 241 8 242 9 243 10 244 1 245 2 246 3 247 4 248 5 249 6 250 7 251 8 252 9 253 10 254 1 255 2 256 3 257 4 258 5 259 6 260 1 5 2 6 3 7 4 8 5 9 6 10 7 11 8 12 9 13 10 14 1 15 2 16 3 17 4 18 5 19 6 20 7 21 8 22 9 23 10 24 1 25 2 26 3 27 4 28 5 29 6 30 7 31 8 32 9 33 10 34 1 35 2 36 3 37 4 38 5 39 6 40 7 41 8 42 9 43 10 44 1 45 2 46 3 47 4 48 5 49 6 50 7 51 8 52 9 53 10 54 0 0 
Device 1 Thread 5
1 6 2 7 3 8 4 9 5 10 6 11 7 12 8 13 9 14 10 15 1 16 2 17 3 18 4 19 5 20 6 21 7 22 8 23 9 24 10 25 1 26 2 27 3 28 4 29 5 30 6 31 7 32 8 33 9 34 10 35 1 36 2 37 3 38 4 39 5 40 6 41 7 42 8 43 9 44 10 45 1 46 2 47 3 48 4 49 5 50 6 51 7 52 8 53 9 54 10 55 0 0 0 0 0 0 0 0 0 0 0 0 0 0 0 0 0 0 0 0 0 0 0 0 0 0 0 0 0 0 0 0 0 0 0 0 0 0 0 0 0 0 0 0 0 0 0 0 0 0 0 0 0 0 0 0 0 0 0 0 0 0 0 0 0 0 0 0 0 0 0 0 0 0 0 0 0 0 0 0 0 0 0 0 0 0 0 0 0 0 0 0 0 0 0 0 0 0 0 0 0 0 0 0 0 0 0 0 0 0 0 0 0 0 0 0 0 0 0 0 0 0 0 0 0 0 0 0 0 0 0 0 0 0 0 0 0 0 0 0 0 0 0 0 0 0 0 0 0 0 0 0 0 0 0 0 0 0 0 0 0 0 0 0 0 0 0 0 0 0 0 0 0 0 0 0 0 0 0 0 0 0 0 0 0 0 0 0 0 0 0 0 0 0 0 0 0 0 0 0 0 0 0 0 0 0 0 0 0 0 0 0 0 0 0 0 0 0 0 0 0 0 0 0 0 0 0 0 0 0 0 0 0 0 0 0 0 0 0 0 0 0 0 0 0 0 0 0 0 0 0 0 0 0 0 0 0 0 0 0 0 0 0 0 0 0 0 0 0 0 0 0 0 0 0 0 0 0 0 0 0 0 0 0 0 0 0 0 0 0 0 0 0 0 0 0 0 0 0 0 0 0 0 0 0 0 0 0 0 0 0 0 0 0 0 0 0 0 0 0 0 0 0 0 0 0 0 0 0 0 0 0 0 0 0 0 0 0 0 0 0 0 0 0 0 0 0 0 0 0 0 0 0 0 0 0 0 0 0 0 0 0 0 0 0 0 0 0 0 0 0 0 0 0 0 0 0 0 0 0 0 0 0 0 0 0 0 0 0 0 0 0 0 0 0 0 0 0 0 0 0 0 0 0 0 0 0 0 0 0 0 0 
Device 1 Thread 6
2 58 3 59 4 60 5 61 6 62 7 63 8 64 9 65 10 66 1 67 2 68 3 69 4 70 5 71 6 72 7 73 8 74 9 75 10 76 1 77 2 78 3 79 4 80 5 81 6 82 7 83 8 84 9 85 10 86 1 87 2 88 3 89 4 90 5 91 6 92 7 93 8 94 9 95 10 96 1 97 2 98 3 99 4 100 5 101 6 102 7 103 8 104 9 105 10 106 1 107 2 108 3 109 4 110 5 111 6 112 7 113 8 114 9 115 10 116 1 117 2 118 3 119 4 120 5 121 6 122 7 123 8 124 9 125 10 126 1 127 2 128 3 129 4 130 5 131 6 132 7 133 8 134 9 135 10 136 1 137 2 138 3 139 4 140 5 141 6 142 7 143 8 144 9 145 10 146 1 147 2 148 3 149 4 150 5 151 6 152 7 153 8 154 9 155 10 156 1 157 2 158 3 159 4 160 5 161 6 162 7 163 8 164 9 165 10 166 1 167 2 168 3 169 4 170 5 171 6 172 7 173 8 174 9 175 10 176 1 177 2 178 3 179 4 180 5 181 6 182 7 183 8 184 9 185 10 186 1 187 2 188 3 189 4 190 5 191 6 192 7 193 8 194 9 195 10 196 1 197 2 198 3 199 4 200 5 201 6 202 7 203 8 204 9 205 10 206 1 207 2 208 3 209 4 210 5 211 6 212 7 213 8 214 9 215 10 216 1 217 2 218 3 219 4 220 5 221 6 222 7 223 8 224 9 225 10 226 1 227 2 228 3 229 4 230 5 231 6 232 7 233 8 234 9 235 10 236 1 237 2 238 3 239 4 240 5 241 6 242 7 243 8 244 9 245 10 246 1 247 2 248 3 249 4 250 5 251 6 252 7 253 8 254 9 255 10 256 1 257 2 258 3 259 4 260 5 261 6 262 1 7 2 8 3 9 4 10 5 11 6 12 7 13 8 14 9 15 10 16 1 17 2 18 3 19 4 20 5 21 6 22 7 23 8 24 9 25 10 26 1 27 2 28 3 29 4 30 5 31 6 32 7 33 8 34 9 35 10 36 1 37 2 38 3 39 4 40 5 41 6 42 7 43 8 44 9 45 10 46 1 47 2 48 3 49 4 50 5 51 6 52 7 53 8 54 9 55 10 56 0 0 
Device 1 Thread 7
1 8 2 9 3 10 4 11 5 12 6 13 7 14 8 15 9 16 10 17 1 18 2 19 3 20 4 21 5 22 6 23 7 24 8 25 9 26 10 27 1 28 2 29 3 30 4 31 5 32 6 33 7 34 8 35 9 36 10 37 1 38 2 39 3 40 4 41 5 42 6 43 7 44 8 45 9 46 10 47 1 48 2 49 3 50 4 51 5 52 6 53 7 54 8 55 9 56 10 57 0 0 0 0 0 0 0 0 0 0 0 0 0 0 0 0 0 0 0 0 0 0 0 0 0 0 0 0 0 0 0 0 0 0 0 0 0 0 0 0 0 0 0 0 0 0 0 0 0 0 0 0 0 0 0 0 0 0 0 0 0 0 0 0 0 0 0 0 0 0 0 0 0 0 0 0 0 0 0 0 0 0 0 0 0 0 0 0 0 0 0 0 0 0 0 0 0 0 0 0 0 0 0 0 0 0 0 0 0 0 0 0 0 0 0 0 0 0 0 0 0 0 0 0 0 0 0 0 0 0 0 0 0 0 0 0 0 0 0 0 0 0 0 0 0 0 0 0 0 0 0 0 0 0 0 0 0 0 0 0 0 0 0 0 0 0 0 0 0 0 0 0 0 0 0 0 0 0 0 0 0 0 0 0 0 0 0 0 0 0 0 0 0 0 0 0 0 0 0 0 0 0 0 0 0 0 0 0 0 0 0 0 0 0 0 0 0 0 0 0 0 0 0 0 0 0 0 0 0 0 0 0 0 0 0 0 0 0 0 0 0 0 0 0 0 0 0 0 0 0 0 0 0 0 0 0 0 0 0 0 0 0 0 0 0 0 0 0 0 0 0 0 0 0 0 0 0 0 0 0 0 0 0 0 0 0 0 0 0 0 0 0 0 0 0 0 0 0 0 0 0 0 0 0 0 0 0 0 0 0 0 0 0 0 0 0 0 0 0 0 0 0 0 0 0 0 0 0 0 0 0 0 0 0 0 0 0 0 0 0 0 0 0 0 0 0 0 0 0 0 0 0 0 0 0 0 0 0 0 0 0 0 0 0 0 0 0 0 0 0 0 0 0 0 0 0 0 0 0 0 0 0 0 0 0 0 0 0 0 0 0 0 0 0 0 0 0 0 0 0 0 0 0 0 0 0 0 0 0 0 0 0 
Device 1 Thread 8
2 60 3 61 4 62 5 63 6 64 7 65 8 66 9 67 10 68 1 69 2 70 3 71 4 72 5 73 6 74 7 75 8 76 9 77 10 78 1 79 2 80 3 81 4 82 5 83 6 84 7 85 8 86 9 87 10 88 1 89 2 90 3 91 4 92 5 93 6 94 7 95 8 96 9 97 10 98 1 99 2 100 3 101 4 102 5 103 6 104 7 105 8 106 9 107 10 108 1 109 2 110 3 111 4 112 5 113 6 114 7 115 8 116 9 117 10 118 1 119 2 120 3 121 4 122 5 123 6 124 7 125 8 126 9 127 10 128 1 129 2 130 3 131 4 132 5 133 6 134 7 135 8 136 9 137 10 138 1 139 2 140 3 141 4 142 5 143 6 144 7 145 8 146 9 147 10 148 1 149 2 150 3 151 4 152 5 153 6 154 7 155 8 156 9 157 10 158 1 159 2 160 3 161 4 162 5 163 6 164 7 165 8 166 9 167 10 168 1 169 2 170 3 171 4 172 5 173 6 174 7 175 8 176 9 177 10 178 1 179 2 180 3 181 4 182 5 183 6 184 7 185 8 186 9 187 10 188 1 189 2 190 3 191 4 192 5 193 6 194 7 195 8 196 9 197 10 198 1 199 2 200 3 201 4 202 5 203 6 204 7 205 8 206 9 207 10 208 1 209 2 210 3 211 4 212 5 213 6 214 7 215 8 216 9 217 10 218 1 219 2 220 3 221 4 222 5 223 6 224 7 225 8 226 9 227 10 228 1 229 2 230 3 231 4 232 5 233 6 234 7 235 8 236 9 237 10 238 1 239 2 240 3 241 4 242 5 243 6 244 7 245 8 246 9 247 10 248 1 249 2 250 3 251 4 252 5 253 6 254 7 255 8 256 9 257 10 258 1 259 2 260 3 261 4 262 5 263 6 264 1 9 2 10 3 11 4 12 5 13 6 14 7 15 8 16 9 17 10 18 1 19 2 20 3 21 4 22 5 23 6 24 7 25 8 26 9 27 10 28 1 29 2 30 3 31 4 32 5 33 6 34 7 35 8 36 9 37 10 38 1 39 2 40 3 41 4 42 5 43 6 44 7 45 8 46 9 47 10 48 1 49 2 50 3 51 4 52 5 53 6 54 7 55 8 56 9 57 10 58 0 0 
Device 1 Thread 9
1 10 2 11 3 12 4 13 5 14 6 15 7 16 8 17 9 18 10 19 1 20 2 21 3 22 4 23 5 24 6 25 7 26 8 27 9 28 10 29 1 30 2 31 3 32 4 33 5 34 6 35 7 36 8 37 9 38 10 39 1 40 2 41 3 42 4 43 5 44 6 45 7 46 8 47 9 48 10 49 1 50 2 51 3 52 4 53 5 54 6 55 7 56 8 57 9 58 10 59 0 0 0 0 0 0 0 0 0 0 0 0 0 0 0 0 0 0 0 0 0 0 0 0 0 0 0 0 0 0 0 0 0 0 0 0 0 0 0 0 0 0 0 0 0 0 0 0 0 0 0 0 0 0 0 0 0 0 0 0 0 0 0 0 0 0 0 0 0 0 0 0 0 0 0 0 0 0 0 0 0 0 0 0 0 0 0 0 0 0 0 0 0 0 0 0 0 0 0 0 0 0 0 0 0 0 0 0 0 0 0 0 0 0 0 0 0 0 0 0 0 0 0 0 0 0 0 0 0 0 0 0 0 0 0 0 0 0 0 0 0 0 0 0 0 0 0 0 0 0 0 0 0 0 0 0 0 0 0 0 0 0 0 0 0 0 0 0 0 0 0 0 0 0 0 0 0 0 0 0 0 0 0 0 0 0 0 0 0 0 0 0 0 0 0 0 0 0 0 0 0 0 0 0 0 0 0 0 0 0 0 0 0 0 0 0 0 0 0 0 0 0 0 0 0 0 0 0 0 0 0 0 0 0 0 0 0 0 0 0 0 0 0 0 0 0 0 0 0 0 0 0 0 0 0 0 0 0 0 0 0 0 0 0 0 0 0 0 0 0 0 0 0 0 0 0 0 0 0 0 0 0 0 0 0 0 0 0 0 0 0 0 0 0 0 0 0 0 0 0 0 0 0 0 0 0 0 0 0 0 0 0 0 0 0 0 0 0 0 0 0 0 0 0 0 0 0 0 0 0 0 0 0 0 0 0 0 0 0 0 0 0 0 0 0 0 0 0 0 0 0 0 0 0 0 0 0 0 0 0 0 0 0 0 0 0 0 0 0 0 0 0 0 0 0 0 0 0 0 0 0 0 0 0 0 0 0 0 0 0 0 0 0 0 0 0 0 0 0 0 0 0 0 0 0 0 0 0 0 0 0 0 
CLFileName: /home/rose/rose/benchmarks/exm_opencl_mandelbrot_x64_linux/mandelbrot/device/mandelbrot_kernel.c
entry: x 57 1
entry: y 58 2
entry: xSqr 59 3
entry: ySqr 60 4
entry: iterations 61 5
entry: xSqr 73 6
entry: ySqr 74 7
entry: y 76 8
entry: x 77 9
entry: iterations 80 10
entry: framebuffer 84 11
generate output
